0.0012512589
0.5635853145
0.1933042390
0.8087405011
0.5850093081
0.4798730430
0.3502914518
0.8959624012
0.8228400525
0.7466048158
0.1741080966
0.8589434492
0.7105014191
0.5135349590
0.3039948729
0.0149845882
0.0914029359
0.3644520402
0.1473128452
0.1658986175
0.9885250404
0.4456923124
0.1190832240
0.0046693319
0.0089114048
0.3778801843
0.5316629536
0.5711844234
0.6017639698
0.6071657460
0.1662343211
0.6630451369
0.4507889035
0.3521225623
0.0570390942
0.6076845607
0.7833185827
0.8026062807
0.5198828089
0.3019501328
0.8759727775
0.7266762291
0.9559007538
0.9257179479
0.5393536180
0.1423383282
0.4620807520
0.2353282266
0.8622394482
0.2096011231
0.7796563616
0.8436536760
0.9967955565
0.9996948149
0.6114993744
0.3924375134
0.2662129582
0.2972808008
0.8401440474
0.0237434004
0.3758659627
0.0926236763
0.6772057253
0.0562150945
0.0087893307
0.9187902463
0.2758873257
0.2728965117
0.5879085665
0.6911832026
0.8376110111
0.7264931181
0.4849391156
0.2053590503
0.7437360759
0.4684591205
0.4579607532
0.9491561632
0.7444380016
0.1082796716
0.5990478225
0.3852351451
0.7350077822
0.6089663381
0.5724051637
0.3613391522
0.1515549181
0.2251045259
0.4251533555
0.8028809473
0.5171056246
0.9899899289
0.7515488144
0.3455610828
0.1689809870
0.6573076571
0.4918973357
0.0635395367
0.6997589038
0.5048066652
0.1474959563
0.9495834223
0.1415753655
0.9051179540
0.6928922391
0.3030487991
0.4265572069
0.0703756829
0.9666127506
0.6831873531
0.1532334361
0.8772545549
0.8216803491
0.5820490127
0.1913510544
0.1778923917
0.8171941282
0.4752647481
0.1555528428
0.5039216285
0.7320169683
0.4055909909
0.2795800653
0.5687429426
0.6822412793
0.7558519242
0.7219153417
0.4752952666
0.1230201117
0.3678090762
0.8346812342
0.0350962859
0.5170140690
0.6629840999
0.4262215033
0.1046784875
0.9493392743
0.9213843196
0.5495468001
0.3459883419
0.4717246010
0.3749809259
0.8469801935
0.3168736839
0.4560991241
0.2718894009
0.9829706717
0.2977996155
0.7391888180
0.5672780541
0.1959898679
0.7613147374
0.8394421216
0.3976561785
0.5009002960
0.8901638844
0.0274666585
0.9946287423
0.5725882748
0.0505081332
0.5313272500
0.1940672018
0.8430433058
0.6267586291
0.6576128422
0.1978514969
0.8421582690
0.1233252968
0.1099276711
0.7431257057
0.3140659810
0.9410687582
0.2860805078
0.3363139744
0.1402630696
0.7330851161
0.8346201971
0.7079989013
0.6002380444
0.7472151860
0.2527237770
0.1444746239
0.0016174810
0.0610065004
0.8062379833
0.8526261177
0.2105777154
0.1156041139
0.5532090213
0.0142521439
0.1137730033
0.4545121616
0.7522202216
0.6861476485
0.5434430982
0.0738853114
0.4367198706
0.2019409772
0.6962187567
0.2903530992
0.4366893521
0.2324289682
0.5778679769
0.5325785089
0.6286812952
0.1601916562
0.5041352580
0.9630420850
0.6957609790
0.9248023927
0.1899472030
0.3359477523
0.1783501694
0.9951780755
0.4574419385
0.9980162969
0.0975066378
0.6251716666
0.0943937498
0.4377269814
0.9315164647
0.0484328745
0.8946195868
0.2900173956
0.2273018586
0.7690664388
0.4107181005
0.2019714957
0.6280709250
0.6041444136
0.4516129032
0.4663533433
0.5978270821
0.6347239601
0.8547929319
0.8287911618
0.6247749260
0.7209082308
0.5657521287
0.3751335185
0.1842707602
0.7379070406
0.5551316874
0.9050874355
0.2428662984
0.1889400922
0.6047242653
0.6985076449
0.5846125675
0.3512985626
0.4944608905
0.0803857540
0.7407452620
0.6120487075
0.6203802606
0.6911221656
0.8045289468
0.1491134373
0.5760368664
0.8677327799
0.9115573595
0.6147038179
0.7276833399
0.0432142094
0.6677755058
0.9765312662
0.3150120548
0.5692007202
0.3058259835
0.1739249855
0.1085543382
0.8690450758
0.8512222663
0.7443159276
0.1548814356
0.3269142735
0.0793481246
0.0766014588
0.6409802545
0.8200018311
0.5450910978
0.4482558672
0.4089785455
0.2987456893
0.4655598621
0.5012054811
0.1526535844
0.3230384228
0.7379985961
0.3138828700
0.8266853847
0.9590746788
0.8733481857
0.7250282296
0.3000579852
0.9439985351
0.1272316660
0.0657368694
0.7849665822
0.5245826594
0.6096377453
0.9561143834
0.0722678304
0.8756370739
0.6538590655
0.3221228675
0.1048005615
0.5050508133
0.2270882290
0.2902920621
0.9199804682
0.5511642811
0.6628009888
0.1145359661
0.4925382244
0.3791314432
0.4968108158
0.7933591723
0.5092623676
0.3823664052
0.6881618702
0.5321512497
0.6062807093
0.3951841792
0.0058900723
0.7078768273
0.1006195257
0.6230658895
0.8632465590
0.4915005951
0.7473372600
0.4969023713
0.3801080355
0.7853633229
0.5528122806
0.3570970794
0.9557176428
0.6308481094
0.1765800958
0.3742484817
0.1316263314
0.7432782983
0.9517197180
0.6119876705
0.0278328806
0.3298440504
0.0559099094
0.6392101810
0.1316263314
0.8470717490
0.8643147069
0.5968810083
0.7216406751
0.8539689322
0.0146794031
0.1264687033
0.7079073458
0.6171452986
0.2175664541
0.0659504990
0.1689199499
0.6241035188
0.3409833064
0.3194067202
0.3675649281
0.6610003967
0.8023926511
0.8068788720
0.5265358440
0.6111026337
0.7981810968
0.9006012146
0.1448103275
0.6301767022
0.4024170660
0.2537003693
0.1365398114
0.8551896725
0.0661641285
0.4278084658
0.5733512375
0.3022858364
0.5480513932
0.2255623035
0.3113498337
0.1106295969
0.8080385754
0.1347087008
0.2842493973
0.7881099887
0.8952299570
0.7896359142
0.7437971129
0.6152226325
0.3611255226
0.8566545610
0.2284920804
0.8635822626
0.2294381542
0.2495498520
0.5424054689
0.9848323008
0.0538041322
0.0814233833
0.5246742149
0.4268013550
0.0946684164
0.2587969604
0.8915372173
0.2327646718
0.1465498825
0.1250953703
0.9316385388
0.0801110874
0.0470900601
0.0587176122
0.3364055300
0.9147007660
0.3986022523
0.4327829829
0.9461653493
0.8371837519
0.5342265084
0.8420972320
0.6935331278
0.3976866970
0.2591631825
0.0043336283
0.5255897702
0.9548020875
0.3986938078
0.2410962249
0.5855586413
0.2551347392
0.6840113529
0.9452803125
0.4354991302
0.8902249214
0.0071718497
0.9409772027
0.6015503403
0.7861568041
0.5766777551
0.1424298837
0.2223273415
0.3830072939
0.0042725913
0.4179204688
0.0822473830
0.6599322489
0.8550981170
0.0648518326
0.8110599078
0.6620685446
0.6914883877
0.8026978362
0.5301370281
0.6856288339
0.1427655873
0.6895046846
0.7278969695
0.7777336955
0.0310678426
0.8686788537
0.6445204016
0.7065645314
0.0854518265
0.5519882809
0.9479049043
0.0587786493
0.2749717704
0.1451765496
0.9817804498
0.6199835200
0.2922452467
0.9224829859
0.3675344096
0.6945402387
0.2186346019
0.1559190649
0.2405468917
0.5214392529
0.9022797327
0.1064180425
0.9026459548
0.4417249062
0.0801110874
0.7820978423
0.1717886898
0.9743949705
0.7758720664
0.8703878903
0.2106387524
0.4566179388
0.0037537767
0.7506332591
0.1140476699
0.4047059542
0.3111362041
0.9926145207
0.0385753960
0.2520828883
0.1892757958
0.2476882229
0.1535081027
0.6203192236
0.8853724784
0.9390850551
0.1956541643
0.7796563616
0.6455580309
0.6567583239
0.9091463973
0.4554582354
0.9212927641
0.6641743217
0.1507614368
0.6363414411
0.5695364238
0.4220404675
0.9430219428
0.5405743583
0.5785699026
0.5364543596
0.2552873318
0.3969542528
0.3502609333
0.0366222114
0.7952513199
0.1965086825
0.0702841273
0.3894161809
0.5907467879
0.0709250160
0.1976683859
0.1558885464
0.6443372906
0.4543290506
0.6042970061
0.6973479415
0.4412976470
0.6844691305
0.3965269936
0.8357188635
0.5922116764
0.1995910520
0.9494613483
0.8760032960
0.3917050691
0.9874568926
0.1853083895
0.8957182531
0.5744499039
0.4420606098
0.6273384808
0.7085177160
0.0496230964
0.2855616932
0.2602008118
0.4076357311
0.8953215125
0.7101962340
0.7284463027
0.8960539567
0.3935666982
0.3974120304
0.9038666952
0.3086031678
0.3881038850
0.5705740532
0.3535569323
0.7336954863
0.7453535569
0.7363811151
0.7394329661
0.1393169958
0.2001709037
0.2725913266
0.6804406873
0.9111301004
0.3678395947
0.5176549577
0.1093783380
0.9074373608
0.2030701621
0.5179601428
0.6548356578
0.4385204627
0.6876430555
0.0904263436
0.0795617542
0.0757774590
0.0278023621
0.3550828578
0.3072298349
0.6972869045
0.1426740318
0.3948484756
0.0678426466
0.6757408368
0.7249366741
0.1987060152
0.6940214240
0.6157109287
0.6548966948
0.5439924314
0.0983001190
0.5453657643
0.0496230964
0.9745780816
0.4640339366
0.9699697867
0.7278664510
0.5309610279
0.6799218726
0.6928006836
0.3721121860
0.3886226997
0.0499588000
0.8097781304
0.1695608386
0.0608233894
0.3105563524
0.7844782861
0.2124698630
0.3219092380
0.4846644490
0.0091555528
0.4398632771
0.5078585162
0.6059450056
0.7585375530
0.4010742515
0.3498031556
0.8426465651
0.9423200171
0.6233100375
0.9972838527
0.0534684286
0.5628528703
0.8635517441
0.3867610706
0.3064058351
0.2842188787
0.0267036958
0.6125675222
0.3911862545
0.0186162908
0.0310373241
0.4557023835
0.8579363384
0.9367656484
0.4018982513
0.7272865993
0.6115909299
0.8083742790
0.8754234443
0.5825983459
0.5950193793
0.0790124210
0.7931760613
0.4622028260
0.5906247139
0.5894344920
0.5692007202
0.8160649434
0.6727500229
0.3435773797
0.0102237007
0.2673116245
0.3415631581
0.2320932646
0.7710196234
0.3717459639
0.8698690756
0.1168553728
0.7255775628
0.6289254433
0.8939481796
0.1830195013
0.5355693228
0.9020050661
0.7800836207
0.9652088992
0.1973632008
0.9015472884
0.7974181341
0.9533982360
0.8488113041
0.8903469955
0.6287118137
0.1854609821
0.6169316691
0.2649922178
0.2506485183
0.7322000793
0.7881099887
0.1709341716
0.7138889737
0.4809411908
0.0814844203
0.8065431684
0.8553422651
0.1246375927
0.3074739830
0.5733207190
0.4729758599
0.7620471816
0.1918698691
0.7277748955
0.9950254830
0.0153508103
0.6476332896
0.6916409803
0.1741386151
0.0721152379
0.2749717704
0.6766258736
0.8389233070
0.5566576128
0.3712271493
0.7795037690
0.2325205237
0.6382335887
0.2316660054
0.2045960875
0.9710379345
0.2817468795
0.0228888821
0.7692190313
0.1518295846
0.0469679861
0.0092471084
0.3485824152
0.6438795129
0.3432416761
0.4145634327
0.4165166173
0.0906704917
0.5451826533
0.6992706076
0.3379924924
0.6575212867
0.8762474441
0.5354777673
0.5700247200
0.0539872433
0.4657734916
0.2599871822
0.4268013550
0.8633381146
0.4865871151
0.0874355296
0.5658131657
0.7094027528
0.7784661397
0.8642231513
0.8505508591
0.2930082095
0.8643757439
0.6449171422
0.7468489639
0.8286385693
0.7656178472
0.8719138157
0.9083223975
0.9125339518
0.5219580676
0.4401684622
0.1076387829
0.3540147099
0.8230536821
0.4277169103
0.1698355052
0.0008545183
0.6574602496
0.7735526597
0.0637226478
0.0898159734
0.3856624042
0.6838892788
0.8076113163
0.1540879543
0.1428571429
0.0484633930
0.3461409345
0.0185552538
0.9784234138
0.6476332896
0.0536515397
0.9141514328
0.6374706259
0.4317148350
0.0210577715
0.2425916318
0.3919492172
0.6540116581
0.7818842128
0.0228278451
0.8260444960
0.1384319590
0.6342661824
0.5504013184
0.9834894864
0.4634235664
0.2147892697
0.3006988739
0.7821588794
0.3425397504
0.4806054872
0.6080202643
0.1025116733
0.9844355602
0.7558214057
0.1508835108
0.4564043092
0.7116306040
0.9987487411
0.7755058443
0.6416516617
0.6212042604
0.9461043123
0.6881618702
0.2898037660
0.5671559801
0.2903836177
0.5482345042
0.7123630482
0.2464369640
0.5466780602
0.4926297800
0.9520554216
0.6698202460
0.7651600696
0.6233710746
0.4457533494
0.7987609485
0.7455366680
0.9889217811
0.2046266060
0.6294747765
0.9098178045
0.5912961211
0.9183935057
0.5055391095
0.4893948180
0.4497207556
0.8893398846
0.9403973510
0.1829279458
0.2519608142
0.2030091250
0.7304910428
0.9411297952
0.6250801111
0.0413525803
0.6413464766
0.0345164342
0.5563524277
0.5444807276
0.4463332011
0.0613727226
0.9960325938
0.1277504807
0.6009094516
0.0503555406
0.1727958007
0.6602374340
0.3324381237
0.3159581286
0.6535843989
0.4105349895
0.4275032807
0.2216254158
0.6785180212
0.1664479507
0.4975432600
0.5076448866
0.8027283547
0.4350718711
0.0045167394
0.3394878994
0.3758964812
0.1285744804
0.8273262734
0.7332987457
0.8911404767
0.6433301798
0.6505935850
0.5144810327
0.7339701529
0.7371745964
0.9570909757
0.4658345286
0.3632618183
0.1121860408
0.9046601764
0.8212225715
0.4547868282
0.1086764122
0.8694418165
0.7613757744
0.0391247291
0.4166692099
0.9361247597
0.0677510910
0.1648609882
0.2112796411
0.1169164098
0.5911130100
0.1183507797
0.6182744835
0.5800958281
0.6902981658
0.7315591906
0.9156468398
0.6697286905
0.2985015412
0.8088625752
0.3781853694
0.9974974822
0.7725150304
0.2044129765
0.1705679495
0.3882564776
0.1812189093
0.5809808649
0.1956236457
0.9601428266
0.1902523881
0.3817255165
0.3039948729
0.1208227790
0.1981566820
0.0462355419
0.7711722159
0.7610400708
0.8810388501
0.0017700735
0.4486220893
0.4263740959
0.8015381329
0.4613483077
0.4948576312
0.7493820002
0.2385021516
0.5594042787
0.0927457503
0.9220252083
0.8938261055
0.8570207831
0.0596331675
0.4908902249
0.6320383312
0.7472151860
0.7560655538
0.2557451094
0.9099093600
0.7919858394
0.1996215705
0.5528427992
0.0512405774
0.5221716971
0.7903683584
0.7041535691
0.0240485855
0.7317423017
0.5533616138
0.9142124699
0.8755455184
0.7969298379
0.3054292428
0.3949400311
0.4818872646
0.0525833918
0.6519669179
0.0008545183
0.7685781426
0.7561876278
0.2197332682
0.1547593616
0.0575273904
0.6706137272
0.0326853236
0.3458662679
0.6978667562
0.7981505783
0.4362620930
0.9817194128
0.6355479598
0.2952970977
0.4769737846
0.8743552965
0.0792870876
0.1009857479
0.1432233650
0.1430097354
0.9179967650
0.3087252419
0.3738212226
